128 1 2 3 4 645 7 8 9 10 12 36600 22 5972 153 2074 155 1856541 896 9990232276 1317 7468 1565 53 950 1355 1404282995793 20051 20692 136662 37173669 224 84 236901 14830 512 356636658 1793814390 1271 120 502649 2731681673598
384 1 3 4 6 811 8 243965833 19978 11 160124044 1956237 158608 19 861332 22 25 299 41 43 6717652105849902 63859 9 10908798248715576 5565089465 292754218425915 797119 238152387 281567693 88984526 975 1208 85 414528154582 1623 7 94 14561 2077893730 90462769128 147 126562 119 25357449 368921
1870892527819970560 1 2 3 4 5 6 7 8 9 10 11 59788 13 14 150671 279 1688 88004 667 160 38 685 51 26803380 23 181304380 799626 320 203 19908 1986507 8809652305 4546388 85 2234400222 109920939876 304452846 368 118 3168354811
1 2 4 82423 6280 12 19381 3544 3346 20 792 3023821876249 1727 2603166 3625 7725 3186735 92213 24250 46943 24391880236861 1077 5197625282 10827 333 50772 41 10327 88 733 39210469 229 620 1264 242 116 8053 4712537987831 28936313 821243 9282181440719228
1022888640 2 3 4 5 6 1 8 10 139 11534356 21 24 27 29 959336480 49314 171 814 9013 1310428328630 695 118587 1418 63 497656128822424256 11 206800 1476567 281304 220 225 3008 42856 28012 18035 135156 26746101 6138 122879
964280887367544448 1 2 4 5 6 7 17 10899 2839 412 42813729 12576401698 1316 1066 48 910260 1594 92062799690303 190247527233 69 515145 7250007270456138 253259 4556 81 52948 18261 165590 2855895 2045103275993 90 138293207148474 2927071 995 4196 9346277 34308967 197742 496 6642 376 123 77310
4750464 1 31618 3 4 6 7 298362376 657802 11 145 18993043 18814741 278 24 25 156 286 35 54053 23154230054 316840 41 3712943 754181842385587 564 325309 10494433356150858 55503 112081 3714880196948003 5205 93 9116 3931464043 239 307544308 3375221 1276
8330410414329269248 1 2 3 4 5 6 7 19718380308635784 9 1400973328354698 4945201278402702 783 16 26646 24 29 10032 17315 1218981 167 50908080 130737204 2490168 1641403 133566 20621247 32264898 580 39751 14465767054815432 74 456782 45503312 7379 88 1935 69344 354 33512 242 16633 87125502
15465539514496 4402433 41602 3 1881134724 7 10 1428108 13 142 185745554 946579 249201143063 152 1067386 69 1443 1 2470 368426 4149 59319 113337 826 59 23311634366 130239 1510080 115139 4292 106305861 19427019 3917 77 129236 100438 3318491 1629 607 21051 1000 762 110 1358112120947 245 329623030 8860152 13959723359098
317793236186272384 1 2 3 6 7 9 10 11 12 358092945 20 789 22 23 5530 176466543 13572708201759 417 305073700 1597997128175928320 1770154 1564719 789815 9529 1546 33237695 522110683472277312 580 198 8396 78649 724943 4070735955 697 475864 182752463 2230700252 33633 3931364 7333437 114 126432371 502 1404
1 2 3 5 7 1034 12 71073833233 3859 22 2203 32244930060 1661983703075 459208232 282391147135902 25748968713091 356251832 58 60 251110465 85702 1804 225610 10827 77 11214 335 3029 220 96 933460705 3300 17 4652696700 126183274 441971 517368 251 7676 85 51157
8522809078720787456 1 2 3 11063676038 8 9 10 11 780 429 72457369616 18 2178708 25 153882 27 28 30 835359388197 22439 3245 304305 104078940220978 6 3004 446 112728322752 337736192578 985312457 14026 1585 204 82 8149 314 8670 334780128 3431 6759 104885993233262 1136 117 1661 9890558
1100249533738645376 1 2 3 4 517 219014 5441 8 9 10 139 12 13 185999 24 668 5930684713245 25274853918 37285 551 12329 42 90504 180 31454 1880630 184 6 5767336527327 316 181 9852 323396 205 1093980 62270684 2526 95 617 19895849 2425 250 1276
342946456910626176 1 2 3 28036 6 7 9 13591 908 2690 14 8509689999 401 146 23 280 27 805 57447921 425 42 4402 10420 12173475034484 5904446 10227139 72 1233 89 956687 97 17 25564010 11117 3184231185392 113 51136756 162431481 383
1 2 3 4 6 10 140 13 14 15 409 1441761051 375710 1829 38 47784 40370 896263861 55 56 535786693 40518 12 460 20703064099663 5074 980 85 104137558 261094 744 263417834 1132 1072495 1633908 246 632 313962
1 2 3 5 7 8 81575723 11 192 15 17 4373 6835479 11519342493 32 376740 38 12244616 171 27053 49 53 439 23906618 62 1087 12773952 67 69 28450017 70698187 44495 1761440486998103 36 5455 779953248 1638497 2406 53293414 18267112 106 36078 90344 609630131079
912161932357908224 1 2 3 4 5 6 257 8 10 395 12 13 818318 6007446544 17 19 13461 24 1454048863774876 90 30 39 50910215 47414 119611 706 484803 326 1494 714 680004744011 1203793 108246 1239258 3811 103 702951 57708 109 18132594 241524 12534
1 2 3 516 5 6 7 3011037207816 9 10 142 15 282 28 9617231389 901 32 35 4095914021 11688 263 687 178 1630 161080 12346 671 248876406185790 504587253969 99925 1860441 219 186 94 71655 799080 97897409642 1140 1068920 66061534717 184572239957
1446375864258034688 1 2 8067 7971204 5 6 466050758657 9 2660936714 1047 12 38291 170007 120606 6956838302239 31232927416484 37947048 169 672313258 1323 151984 561 179 20408 435140521777471 147333752973187264 11 2247 22877132 208 1492 28073731 24549084 3 279910 999 167015 109 552 30325 249 6295
1 2 3 132 5 6 5185 137 12 310680450 15 16 19 3095 4 185754 265 6426 159 32 1865635 9264417704 560 23473 10828717362 1974 532151 109969933343416 63 10177 66 79556 50565 201 19988556 106579 472 11123035 17247 392989163 83 2367
